0.001 0.987875
0.002 0.976029
0.003 0.964453
0.004 0.953138
0.005 0.942077
0.006 0.931263
0.007 0.920688
0.008 0.910344
0.009 0.900226
0.01 0.890326
0.011 0.880638
0.012 0.871156
0.013 0.861875
0.014 0.852788
0.015 0.843891
0.016 0.835177
0.017 0.826643
0.018 0.818282
0.019 0.81009
0.02 0.802064
0.021 0.794197
0.022 0.786487
0.023 0.778928
0.024 0.771518
0.025 0.764251
0.026 0.757125
0.027 0.750136
0.028 0.74328
0.029 0.736553
0.03 0.729954
0.031 0.723478
0.032 0.717122
0.033 0.710884
0.034 0.704761
0.035 0.698749
0.036 0.692847
0.037 0.68705
0.038 0.681358
0.039 0.675768
0.04 0.670276
0.041 0.664882
0.042 0.659582
0.043 0.654374
0.044 0.649256
0.045 0.644227
0.046 0.639284
0.047 0.634426
0.048 0.629649
0.049 0.624954
0.05 0.620337
0.051 0.615797
0.052 0.611333
0.053 0.606942
0.054 0.602624
0.055 0.598376
0.056 0.594197
0.057 0.590086
0.058 0.586041
0.059 0.582061
0.06 0.578145
0.061 0.574291
0.062 0.570498
0.0629999 0.566764
0.064 0.563089
0.065 0.559471
0.066 0.55591
0.067 0.552403
0.068 0.54895
0.069 0.545551
0.07 0.542203
0.071 0.538906
0.072 0.535658
0.073 0.53246
0.074 0.529309
0.075 0.526206
0.076 0.523149
0.077 0.520137
0.078 0.517169
0.079 0.514245
0.08 0.511364
0.081 0.508525
0.082 0.505727
0.083 0.502969
0.084 0.500252
0.085 0.497573
0.086 0.494932
0.087 0.49233
0.088 0.489764
0.089 0.487234
0.09 0.484741
0.091 0.482282
0.092 0.479857
0.093 0.477467
0.094 0.47511
0.095 0.472785
0.096 0.470493
0.097 0.468232
0.098 0.466002
0.099 0.463803
0.1 0.461634
0.101 0.459494
0.102 0.457384
0.103 0.455301
0.104 0.453247
0.105 0.451221
0.106 0.449222
0.107 0.44725
0.108 0.445304
0.109 0.443383
0.11 0.441489
0.111 0.439619
0.112 0.437774
0.113 0.435954
0.114 0.434157
0.115 0.432384
0.116 0.430634
0.117 0.428907
0.118 0.427202
0.119 0.42552
0.12 0.423859
0.121 0.42222
0.122 0.420602
0.123 0.419005
0.124 0.417428
0.125 0.415872
0.126 0.414336
0.127 0.412819
0.128 0.411322
0.129 0.409843
0.13 0.408384
0.131 0.406943
0.132 0.40552
0.133 0.404115
0.134 0.402728
0.135 0.401359
0.136 0.400007
0.137 0.398672
0.138 0.397354
0.139 0.396052
0.14 0.394766
0.141 0.393497
0.142 0.392244
0.143 0.391006
0.144 0.389783
0.145 0.388576
0.146 0.387384
0.147 0.386207
0.148 0.385045
0.149 0.383897
0.15 0.382763
0.151 0.381643
0.152 0.380537
0.153 0.379445
0.154 0.378367
0.155 0.377302
0.156 0.37625
0.157 0.375211
0.158 0.374185
0.159 0.373172
0.16 0.372171
0.161 0.371182
0.162 0.370206
0.163 0.369242
0.164 0.36829
0.165 0.36735
0.166 0.366421
0.167 0.365504
0.168 0.364599
0.169 0.363704
0.17 0.362821
0.171 0.361948
0.172 0.361087
0.173 0.360236
0.174 0.359396
0.175 0.358566
0.176 0.357746
0.177 0.356937
0.178 0.356138
0.179 0.355349
0.18 0.35457
0.181 0.3538
0.182 0.35304
0.183 0.35229
0.184 0.351549
0.185 0.350818
0.186 0.350096
0.187 0.349383
0.188 0.348679
0.189 0.347984
0.19 0.347297
0.191 0.34662
0.192 0.345951
0.193 0.345291
0.194 0.344639
0.195 0.343996
0.196 0.34336
0.197 0.342733
0.198 0.342115
0.199 0.341504
0.2 0.340901
0.201 0.340306
0.202 0.339719
0.203 0.33914
0.204 0.338568
0.205 0.338003
0.206 0.337447
0.207 0.336897
0.208 0.336355
0.209 0.335821
0.21 0.335293
0.211 0.334773
0.212 0.334259
0.213 0.333753
0.214 0.333253
0.215 0.332761
0.216 0.332275
0.217 0.331796
0.218 0.331323
0.219 0.330858
0.22 0.330398
0.221 0.329945
0.222 0.329499
0.223 0.329059
0.224 0.328625
0.225 0.328198
0.226 0.327776
0.227 0.327361
0.228 0.326952
0.229 0.326549
0.23 0.326152
0.231 0.32576
0.232 0.325375
0.233 0.324995
0.234 0.324622
0.235 0.324254
0.236 0.323891
0.237 0.323534
0.238 0.323183
0.239 0.322838
0.24 0.322497
0.241 0.322163
0.242 0.321833
0.243 0.321509
0.244 0.32119
0.245 0.320877
0.246 0.320569
0.247 0.320265
0.248 0.319967
0.249 0.319675
0.25 0.319387
0.251 0.319104
0.252 0.318826
0.253 0.318553
0.254 0.318285
0.255 0.318022
0.256 0.317764
0.257 0.31751
0.258 0.317261
0.259 0.317017
0.26 0.316778
0.261 0.316543
0.262 0.316313
0.263 0.316087
0.264 0.315866
0.265 0.315649
0.266 0.315437
0.267 0.31523
0.268 0.315026
0.269 0.314828
0.27 0.314633
0.271 0.314443
0.272 0.314257
0.273 0.314075
0.274 0.313898
0.275 0.313725
0.276 0.313556
0.277 0.313391
0.278 0.31323
0.279 0.313074
0.28 0.312921
0.281 0.312773
0.282 0.312628
0.283 0.312487
0.284 0.312351
0.285 0.312218
0.286 0.31209
0.287 0.311965
0.288 0.311844
0.289 0.311727
0.29 0.311613
0.291 0.311504
0.292 0.311398
0.293 0.311296
0.294 0.311198
0.295 0.311103
0.296 0.311012
0.297 0.310925
0.298 0.310842
0.299 0.310762
0.3 0.310685
0.301 0.310613
0.302 0.310543
0.303 0.310478
0.304 0.310416
0.305 0.310357
0.306 0.310302
0.307 0.31025
0.308 0.310202
0.309 0.310157
0.31 0.310115
0.311 0.310077
0.312 0.310043
0.313 0.310011
0.314 0.309983
0.314999 0.309959
0.315999 0.309937
0.316999 0.309919
0.317999 0.309904
0.318999 0.309893
0.319999 0.309885
0.320999 0.30988
0.321999 0.309878
0.322999 0.309879
0.323999 0.309884
0.324999 0.309891
0.325999 0.309902
0.326999 0.309916
0.327999 0.309933
0.328999 0.309953
0.329999 0.309976
0.330999 0.310003
0.331999 0.310032
0.332999 0.310065
0.333999 0.3101
0.334999 0.310139
0.335999 0.31018
0.336999 0.310225
0.337999 0.310272
0.338999 0.310323
0.339999 0.310376
0.340999 0.310433
0.341999 0.310492
0.342999 0.310554
0.343999 0.31062
0.344999 0.310688
0.345999 0.310759
0.346999 0.310833
0.347999 0.310909
0.348999 0.310989
0.349999 0.311071
0.350999 0.311157
0.351999 0.311245
0.352999 0.311336
0.353999 0.31143
0.354999 0.311526
0.355999 0.311626
0.356999 0.311728
0.357999 0.311833
0.358999 0.31194
0.359999 0.312051
0.360999 0.312164
0.361999 0.31228
0.362999 0.312399
0.363999 0.31252
0.364999 0.312644
0.365999 0.312771
0.366999 0.3129
0.367999 0.313032
0.368999 0.313167
0.369999 0.313305
0.370999 0.313445
0.371999 0.313588
0.372999 0.313733
0.373999 0.313881
0.374999 0.314032
0.375999 0.314186
0.376999 0.314341
0.377999 0.3145
0.378999 0.314661
0.379999 0.314825
0.380999 0.314991
0.381999 0.31516
0.382999 0.315332
0.383999 0.315506
0.384999 0.315683
0.385999 0.315862
0.386999 0.316044
0.387999 0.316228
0.388999 0.316415
0.389999 0.316605
0.390999 0.316796
0.391998 0.316991
0.392998 0.317188
0.393998 0.317387
0.394998 0.317589
0.395998 0.317794
0.396998 0.318001
0.397998 0.318211
0.398998 0.318423
0.399998 0.318637
0.400998 0.318854
0.401998 0.319073
0.402998 0.319295
0.403998 0.31952
0.404998 0.319746
0.405998 0.319976
0.406998 0.320208
0.407998 0.320442
0.408998 0.320678
0.409998 0.320917
0.410998 0.321159
0.411998 0.321403
0.412998 0.321649
0.413998 0.321898
0.414998 0.322149
0.415998 0.322403
0.416998 0.322659
0.417998 0.322917
0.418998 0.323178
0.419998 0.323441
0.420998 0.323707
0.421998 0.323975
0.422998 0.324246
0.423998 0.324518
0.424998 0.324794
0.425998 0.325071
0.426998 0.325351
0.427998 0.325634
0.428998 0.325918
0.429998 0.326206
0.430998 0.326495
0.431998 0.326787
0.432998 0.327081
0.433998 0.327378
0.434998 0.327677
0.435998 0.327978
0.436998 0.328282
0.437998 0.328588
0.438998 0.328896
0.439998 0.329207
0.440998 0.32952
0.441998 0.329836
0.442998 0.330154
0.443998 0.330474
0.444998 0.330796
0.445998 0.331121
0.446998 0.331448
0.447998 0.331778
0.448998 0.33211
0.449998 0.332444
0.450998 0.332781
0.451998 0.33312
0.452998 0.333461
0.453998 0.333805
0.454998 0.334151
0.455998 0.334499
0.456998 0.334849
0.457998 0.335202
0.458998 0.335558
0.459998 0.335915
0.460998 0.336275
0.461998 0.336637
0.462998 0.337002
0.463998 0.337369
0.464998 0.337738
0.465998 0.33811
0.466998 0.338484
0.467998 0.33886
0.468998 0.339238
0.469997 0.339619
0.470997 0.340003
0.471997 0.340388
0.472997 0.340776
0.473997 0.341166
0.474997 0.341559
0.475997 0.341954
0.476997 0.342351
0.477997 0.34275
0.478997 0.343152
0.479997 0.343556
0.480997 0.343963
0.481997 0.344372
0.482997 0.344783
0.483997 0.345196
0.484997 0.345612
0.485997 0.34603
0.486997 0.346451
0.487997 0.346874
0.488997 0.347299
0.489997 0.347726
0.490997 0.348156
0.491997 0.348589
0.492997 0.349023
0.493997 0.34946
0.494997 0.349899
0.495997 0.350341
0.496997 0.350785
0.497997 0.351231
0.498997 0.351679
0.499997 0.35213
0.500997 0.352584
0.501997 0.353039
0.502997 0.353497
0.503997 0.353958
0.504997 0.35442
0.505997 0.354885
0.506997 0.355353
0.507997 0.355823
0.508997 0.356295
0.509997 0.356769
0.510997 0.357246
0.511997 0.357725
0.512997 0.358207
0.513997 0.358691
0.514997 0.359177
0.515997 0.359666
0.516997 0.360157
0.517997 0.360651
0.518997 0.361147
0.519997 0.361645
0.520997 0.362145
0.521997 0.362648
0.522997 0.363154
0.523997 0.363662
0.524997 0.364172
0.525997 0.364685
0.526997 0.3652
0.527997 0.365717
0.528997 0.366237
0.529997 0.366759
0.530997 0.367284
0.531997 0.367811
0.532997 0.36834
0.533997 0.368872
0.534997 0.369406
0.535997 0.369943
0.536997 0.370482
0.537997 0.371024
0.538997 0.371568
0.539997 0.372114
0.540997 0.372663
0.541997 0.373215
0.542997 0.373768
0.543997 0.374325
0.544997 0.374883
0.545997 0.375444
0.546997 0.376008
0.547997 0.376574
0.548997 0.377143
0.549996 0.377714
0.550996 0.378287
0.551996 0.378863
0.552996 0.379441
0.553996 0.380022
0.554996 0.380606
0.555996 0.381191
0.556996 0.38178
0.557996 0.382371
0.558996 0.382964
0.559996 0.38356
0.560996 0.384158
0.561996 0.384759
0.562996 0.385363
0.563996 0.385968
0.564996 0.386577
0.565996 0.387188
0.566996 0.387801
0.567996 0.388417
0.568996 0.389036
0.569996 0.389657
0.570996 0.390281
0.571996 0.390907
0.572996 0.391536
0.573996 0.392167
0.574996 0.392801
0.575996 0.393437
0.576996 0.394076
0.577996 0.394718
0.578996 0.395362
0.579996 0.396009
0.580996 0.396658
0.581996 0.39731
0.582996 0.397965
0.583996 0.398622
0.584996 0.399282
0.585996 0.399944
0.586996 0.400609
0.587996 0.401277
0.588996 0.401947
0.589996 0.40262
0.590996 0.403295
0.591996 0.403974
0.592996 0.404654
0.593996 0.405338
0.594996 0.406024
0.595996 0.406713
0.596996 0.407404
0.597996 0.408098
0.598996 0.408795
0.599996 0.409494
0.600996 0.410197
0.601996 0.410901
0.602996 0.411609
0.603996 0.412319
0.604996 0.413032
0.605996 0.413748
0.606996 0.414466
0.607996 0.415187
0.608996 0.415911
0.609996 0.416638
0.610996 0.417367
0.611996 0.418099
0.612996 0.418834
0.613996 0.419571
0.614996 0.420312
0.615996 0.421055
0.616996 0.421801
0.617996 0.422549
0.618996 0.423301
0.619996 0.424055
0.620996 0.424812
0.621996 0.425572
0.622996 0.426335
0.623996 0.4271
0.624996 0.427868
0.625996 0.428639
0.626996 0.429413
0.627995 0.43019
0.628995 0.43097
0.629995 0.431752
0.630995 0.432537
0.631995 0.433326
0.632995 0.434117
0.633995 0.434911
0.634995 0.435707
0.635995 0.436507
0.636995 0.43731
0.637995 0.438115
0.638995 0.438924
0.639995 0.439735
0.640995 0.440549
0.641995 0.441366
0.642995 0.442186
0.643995 0.44301
0.644995 0.443836
0.645995 0.444665
0.646995 0.445496
0.647995 0.446331
0.648995 0.447169
0.649995 0.44801
0.650995 0.448854
0.651995 0.449701
0.652995 0.45055
0.653995 0.451403
0.654995 0.452259
0.655995 0.453118
0.656995 0.45398
0.657995 0.454845
0.658995 0.455713
0.659995 0.456584
0.660995 0.457458
0.661995 0.458335
0.662995 0.459215
0.663995 0.460099
0.664995 0.460985
0.665995 0.461875
0.666995 0.462767
0.667995 0.463663
0.668995 0.464562
0.669995 0.465464
0.670995 0.466369
0.671995 0.467277
0.672995 0.468189
0.673995 0.469103
0.674995 0.470021
0.675995 0.470942
0.676995 0.471866
0.677995 0.472793
0.678995 0.473723
0.679995 0.474657
0.680995 0.475594
0.681995 0.476534
0.682995 0.477477
0.683995 0.478424
0.684995 0.479374
0.685995 0.480327
0.686995 0.481283
0.687995 0.482243
0.688995 0.483205
0.689995 0.484171
0.690995 0.485141
0.691995 0.486114
0.692995 0.48709
0.693995 0.488069
0.694995 0.489052
0.695995 0.490038
0.696995 0.491027
0.697995 0.49202
0.698995 0.493016
0.699995 0.494015
0.700995 0.495018
0.701995 0.496024
0.702995 0.497034
0.703995 0.498047
0.704994 0.499063
0.705994 0.500083
0.706994 0.501106
0.707994 0.502133
0.708994 0.503163
0.709994 0.504197
0.710994 0.505234
0.711994 0.506274
0.712994 0.507319
0.713994 0.508366
0.714994 0.509417
0.715994 0.510472
0.716994 0.51153
0.717994 0.512591
0.718994 0.513656
0.719994 0.514725
0.720994 0.515797
0.721994 0.516873
0.722994 0.517953
0.723994 0.519036
0.724994 0.520122
0.725994 0.521212
0.726994 0.522306
0.727994 0.523404
0.728994 0.524505
0.729994 0.525609
0.730994 0.526718
0.731994 0.52783
0.732994 0.528946
0.733994 0.530065
0.734994 0.531188
0.735994 0.532315
0.736994 0.533445
0.737994 0.53458
0.738994 0.535718
0.739994 0.536859
0.740994 0.538005
0.741994 0.539154
0.742994 0.540307
0.743994 0.541464
0.744994 0.542624
0.745994 0.543789
0.746994 0.544957
0.747994 0.546129
0.748994 0.547305
0.749994 0.548485
0.750994 0.549668
0.751994 0.550856
0.752994 0.552047
0.753994 0.553242
0.754994 0.554442
0.755994 0.555645
0.756994 0.556852
0.757994 0.558063
0.758994 0.559278
0.759994 0.560496
0.760994 0.561719
0.761994 0.562946
0.762994 0.564177
0.763994 0.565412
0.764994 0.56665
0.765994 0.567893
0.766994 0.56914
0.767994 0.570391
0.768994 0.571646
0.769994 0.572905
0.770994 0.574168
0.771994 0.575435
0.772994 0.576707
0.773994 0.577982
0.774994 0.579262
0.775994 0.580545
0.776994 0.581833
0.777994 0.583125
0.778994 0.584421
0.779994 0.585722
0.780994 0.587026
0.781994 0.588335
0.782993 0.589648
0.783993 0.590965
0.784993 0.592287
0.785993 0.593612
0.786993 0.594942
0.787993 0.596277
0.788993 0.597615
0.789993 0.598958
0.790993 0.600305
0.791993 0.601657
0.792993 0.603013
0.793993 0.604373
0.794993 0.605738
0.795993 0.607107
0.796993 0.60848
0.797993 0.609858
0.798993 0.61124
0.799993 0.612627
0.800993 0.614018
0.801993 0.615414
0.802993 0.616814
0.803993 0.618218
0.804993 0.619627
0.805993 0.621041
0.806993 0.622459
0.807993 0.623882
0.808993 0.625309
0.809993 0.62674
0.810993 0.628177
0.811993 0.629618
0.812993 0.631063
0.813993 0.632513
0.814993 0.633968
0.815993 0.635427
0.816993 0.636891
0.817993 0.63836
0.818993 0.639833
0.819993 0.641312
0.820993 0.642794
0.821993 0.644282
0.822993 0.645774
0.823993 0.647271
0.824993 0.648773
0.825993 0.65028
0.826993 0.651791
0.827993 0.653307
0.828993 0.654828
0.829993 0.656354
0.830993 0.657885
0.831993 0.65942
0.832993 0.660961
0.833993 0.662506
0.834993 0.664056
0.835993 0.665611
0.836993 0.667172
0.837993 0.668737
0.838993 0.670307
0.839993 0.671882
0.840993 0.673462
0.841993 0.675047
0.842993 0.676637
0.843993 0.678232
0.844993 0.679832
0.845993 0.681437
0.846993 0.683048
0.847993 0.684663
0.848993 0.686284
0.849993 0.68791
0.850993 0.68954
0.851993 0.691176
0.852993 0.692818
0.853993 0.694464
0.854993 0.696116
0.855993 0.697772
0.856993 0.699434
0.857993 0.701102
0.858993 0.702774
0.859993 0.704452
0.860992 0.706135
0.861992 0.707824
0.862992 0.709518
0.863992 0.711217
0.864992 0.712922
0.865992 0.714632
0.866992 0.716347
0.867992 0.718068
0.868992 0.719794
0.869992 0.721526
0.870992 0.723263
0.871992 0.725005
0.872992 0.726754
0.873992 0.728507
0.874992 0.730266
0.875992 0.732031
0.876992 0.733801
0.877992 0.735577
0.878992 0.737359
0.879992 0.739146
0.880992 0.740939
0.881992 0.742737
0.882992 0.744541
0.883992 0.746351
0.884992 0.748166
0.885992 0.749987
0.886992 0.751814
0.887992 0.753647
0.888992 0.755485
0.889992 0.75733
0.890992 0.75918
0.891992 0.761036
0.892992 0.762897
0.893992 0.764765
0.894992 0.766638
0.895992 0.768518
0.896992 0.770403
0.897992 0.772294
0.898992 0.774191
0.899992 0.776094
0.900992 0.778004
0.901992 0.779919
0.902992 0.78184
0.903992 0.783767
0.904992 0.7857
0.905992 0.78764
0.906992 0.789585
0.907992 0.791537
0.908992 0.793494
0.909992 0.795458
0.910992 0.797428
0.911992 0.799404
0.912992 0.801387
0.913992 0.803375
0.914992 0.80537
0.915992 0.807372
0.916992 0.809379
0.917992 0.811393
0.918992 0.813413
0.919992 0.815439
0.920992 0.817472
0.921992 0.819511
0.922992 0.821557
0.923992 0.823609
0.924992 0.825668
0.925992 0.827732
0.926992 0.829804
0.927992 0.831882
0.928992 0.833966
0.929992 0.836057
0.930992 0.838155
0.931992 0.840259
0.932992 0.84237
0.933992 0.844487
0.934992 0.846611
0.935992 0.848742
0.936992 0.850879
0.937991 0.853024
0.938991 0.855174
0.939991 0.857332
0.940991 0.859496
0.941991 0.861668
0.942991 0.863845
0.943991 0.86603
0.944991 0.868222
0.945991 0.87042
0.946991 0.872626
0.947991 0.874838
0.948991 0.877058
0.949991 0.879284
0.950991 0.881517
0.951991 0.883757
0.952991 0.886005
0.953991 0.888259
0.954991 0.89052
0.955991 0.892789
0.956991 0.895065
0.957991 0.897347
0.958991 0.899637
0.959991 0.901934
0.960991 0.904239
0.961991 0.90655
0.962991 0.908869
0.963991 0.911195
0.964991 0.913529
0.965991 0.915869
0.966991 0.918217
0.967991 0.920573
0.968991 0.922935
0.969991 0.925306
0.970991 0.927683
0.971991 0.930068
0.972991 0.932461
0.973991 0.934861
0.974991 0.937269
0.975991 0.939684
0.976991 0.942107
0.977991 0.944537
0.978991 0.946975
0.979991 0.94942
0.980991 0.951874
0.981991 0.954335
0.982991 0.956803
0.983991 0.95928
0.984991 0.961764
0.985991 0.964256
0.986991 0.966756
0.987991 0.969263
0.988991 0.971779
0.989991 0.974302
0.990991 0.976834
0.991991 0.979373
0.992991 0.98192
0.993991 0.984475
0.994991 0.987039
0.995991 0.98961
0.996991 0.992189
0.997991 0.994777
0.998991 0.997372
0.999991 0.999976
