0.001 0.991049
0.002 0.982196
0.003 0.97344
0.004 0.964779
0.005 0.956213
0.006 0.947739
0.007 0.939358
0.008 0.931067
0.009 0.922866
0.01 0.914754
0.011 0.90673
0.012 0.898792
0.013 0.890939
0.014 0.883171
0.015 0.875487
0.016 0.867885
0.017 0.860365
0.018 0.852925
0.019 0.845564
0.02 0.838283
0.021 0.831079
0.022 0.823951
0.023 0.8169
0.024 0.809923
0.025 0.80302
0.026 0.796191
0.027 0.789434
0.028 0.782748
0.029 0.776133
0.03 0.769588
0.031 0.763112
0.032 0.756703
0.033 0.750362
0.034 0.744088
0.035 0.737879
0.036 0.731736
0.037 0.725656
0.038 0.71964
0.039 0.713687
0.04 0.707796
0.041 0.701966
0.042 0.696196
0.043 0.690487
0.044 0.684836
0.045 0.679244
0.046 0.67371
0.047 0.668233
0.048 0.662812
0.049 0.657447
0.05 0.652138
0.051 0.646882
0.052 0.641681
0.053 0.636533
0.054 0.631438
0.055 0.626395
0.056 0.621403
0.057 0.616462
0.058 0.611571
0.059 0.60673
0.06 0.601939
0.061 0.597196
0.062 0.5925
0.0629999 0.587853
0.064 0.583252
0.065 0.578698
0.066 0.57419
0.067 0.569727
0.068 0.565308
0.069 0.560935
0.07 0.556605
0.071 0.552318
0.072 0.548075
0.073 0.543873
0.074 0.539714
0.075 0.535596
0.076 0.531519
0.077 0.527483
0.078 0.523487
0.079 0.51953
0.08 0.515612
0.081 0.511734
0.082 0.507893
0.083 0.504091
0.084 0.500326
0.085 0.496598
0.086 0.492906
0.087 0.489251
0.088 0.485632
0.089 0.482048
0.09 0.4785
0.091 0.474985
0.092 0.471506
0.093 0.46806
0.094 0.464648
0.095 0.461268
0.096 0.457922
0.097 0.454608
0.098 0.451327
0.099 0.448077
0.1 0.444858
0.101 0.44167
0.102 0.438514
0.103 0.435387
0.104 0.432291
0.105 0.429224
0.106 0.426187
0.107 0.423179
0.108 0.4202
0.109 0.417249
0.11 0.414327
0.111 0.411432
0.112 0.408565
0.113 0.405725
0.114 0.402912
0.115 0.400126
0.116 0.397366
0.117 0.394633
0.118 0.391925
0.119 0.389243
0.12 0.386586
0.121 0.383954
0.122 0.381347
0.123 0.378765
0.124 0.376207
0.125 0.373672
0.126 0.371162
0.127 0.368675
0.128 0.366211
0.129 0.363771
0.13 0.361353
0.131 0.358957
0.132 0.356584
0.133 0.354233
0.134 0.351904
0.135 0.349597
0.136 0.34731
0.137 0.345045
0.138 0.342801
0.139 0.340578
0.14 0.338375
0.141 0.336192
0.142 0.33403
0.143 0.331887
0.144 0.329764
0.145 0.327661
0.146 0.325577
0.147 0.323512
0.148 0.321466
0.149 0.319438
0.15 0.317429
0.151 0.315438
0.152 0.313466
0.153 0.311511
0.154 0.309574
0.155 0.307655
0.156 0.305753
0.157 0.303869
0.158 0.302001
0.159 0.30015
0.16 0.298316
0.161 0.296499
0.162 0.294698
0.163 0.292913
0.164 0.291144
0.165 0.289391
0.166 0.287654
0.167 0.285932
0.168 0.284226
0.169 0.282535
0.17 0.280859
0.171 0.279199
0.172 0.277553
0.173 0.275921
0.174 0.274304
0.175 0.272702
0.176 0.271114
0.177 0.26954
0.178 0.267979
0.179 0.266433
0.18 0.2649
0.181 0.263381
0.182 0.261876
0.183 0.260383
0.184 0.258904
0.185 0.257438
0.186 0.255985
0.187 0.254544
0.188 0.253117
0.189 0.251701
0.19 0.250298
0.191 0.248908
0.192 0.24753
0.193 0.246163
0.194 0.244809
0.195 0.243466
0.196 0.242136
0.197 0.240816
0.198 0.239509
0.199 0.238212
0.2 0.236927
0.201 0.235654
0.202 0.234391
0.203 0.233139
0.204 0.231898
0.205 0.230668
0.206 0.229448
0.207 0.228239
0.208 0.227041
0.209 0.225853
0.21 0.224675
0.211 0.223507
0.212 0.222349
0.213 0.221202
0.214 0.220064
0.215 0.218936
0.216 0.217818
0.217 0.216709
0.218 0.21561
0.219 0.21452
0.22 0.21344
0.221 0.212368
0.222 0.211307
0.223 0.210254
0.224 0.20921
0.225 0.208175
0.226 0.207149
0.227 0.206132
0.228 0.205123
0.229 0.204123
0.23 0.203132
0.231 0.202149
0.232 0.201174
0.233 0.200208
0.234 0.19925
0.235 0.1983
0.236 0.197358
0.237 0.196424
0.238 0.195498
0.239 0.19458
0.24 0.19367
0.241 0.192767
0.242 0.191872
0.243 0.190985
0.244 0.190105
0.245 0.189233
0.246 0.188368
0.247 0.187511
0.248 0.18666
0.249 0.185817
0.25 0.184981
0.251 0.184152
0.252 0.18333
0.253 0.182515
0.254 0.181707
0.255 0.180906
0.256 0.180112
0.257 0.179324
0.258 0.178543
0.259 0.177769
0.26 0.177001
0.261 0.176239
0.262 0.175484
0.263 0.174736
0.264 0.173994
0.265 0.173258
0.266 0.172528
0.267 0.171804
0.268 0.171087
0.269 0.170375
0.27 0.16967
0.271 0.16897
0.272 0.168277
0.273 0.167589
0.274 0.166907
0.275 0.166231
0.276 0.165561
0.277 0.164896
0.278 0.164237
0.279 0.163584
0.28 0.162936
0.281 0.162293
0.282 0.161656
0.283 0.161025
0.284 0.160398
0.285 0.159777
0.286 0.159162
0.287 0.158551
0.288 0.157946
0.289 0.157346
0.29 0.156751
0.291 0.156161
0.292 0.155576
0.293 0.154996
0.294 0.154421
0.295 0.15385
0.296 0.153285
0.297 0.152725
0.298 0.152169
0.299 0.151618
0.3 0.151072
0.301 0.15053
0.302 0.149994
0.303 0.149461
0.304 0.148934
0.305 0.14841
0.306 0.147892
0.307 0.147378
0.308 0.146868
0.309 0.146362
0.31 0.145861
0.311 0.145365
0.312 0.144872
0.313 0.144384
0.314 0.1439
0.314999 0.143421
0.315999 0.142945
0.316999 0.142474
0.317999 0.142007
0.318999 0.141543
0.319999 0.141084
0.320999 0.140629
0.321999 0.140178
0.322999 0.139731
0.323999 0.139288
0.324999 0.138848
0.325999 0.138413
0.326999 0.137981
0.327999 0.137554
0.328999 0.13713
0.329999 0.136709
0.330999 0.136293
0.331999 0.13588
0.332999 0.135471
0.333999 0.135066
0.334999 0.134664
0.335999 0.134266
0.336999 0.133871
0.337999 0.13348
0.338999 0.133093
0.339999 0.132709
0.340999 0.132328
0.341999 0.131951
0.342999 0.131578
0.343999 0.131208
0.344999 0.130841
0.345999 0.130478
0.346999 0.130118
0.347999 0.129761
0.348999 0.129408
0.349999 0.129057
0.350999 0.128711
0.351999 0.128367
0.352999 0.128027
0.353999 0.12769
0.354999 0.127356
0.355999 0.127025
0.356999 0.126697
0.357999 0.126373
0.358999 0.126051
0.359999 0.125733
0.360999 0.125417
0.361999 0.125105
0.362999 0.124796
0.363999 0.12449
0.364999 0.124186
0.365999 0.123886
0.366999 0.123589
0.367999 0.123294
0.368999 0.123003
0.369999 0.122714
0.370999 0.122428
0.371999 0.122146
0.372999 0.121866
0.373999 0.121588
0.374999 0.121314
0.375999 0.121043
0.376999 0.120774
0.377999 0.120508
0.378999 0.120244
0.379999 0.119984
0.380999 0.119726
0.381999 0.119471
0.382999 0.119219
0.383999 0.118969
0.384999 0.118722
0.385999 0.118477
0.386999 0.118236
0.387999 0.117996
0.388999 0.11776
0.389999 0.117526
0.390999 0.117294
0.391998 0.117066
0.392998 0.116839
0.393998 0.116616
0.394998 0.116394
0.395998 0.116176
0.396998 0.115959
0.397998 0.115746
0.398998 0.115534
0.399998 0.115325
0.400998 0.115119
0.401998 0.114915
0.402998 0.114714
0.403998 0.114515
0.404998 0.114318
0.405998 0.114124
0.406998 0.113932
0.407998 0.113742
0.408998 0.113555
0.409998 0.11337
0.410998 0.113188
0.411998 0.113008
0.412998 0.11283
0.413998 0.112654
0.414998 0.112481
0.415998 0.11231
0.416998 0.112141
0.417998 0.111975
0.418998 0.111811
0.419998 0.111649
0.420998 0.111489
0.421998 0.111332
0.422998 0.111176
0.423998 0.111024
0.424998 0.110873
0.425998 0.110724
0.426998 0.110578
0.427998 0.110434
0.428998 0.110291
0.429998 0.110152
0.430998 0.110014
0.431998 0.109878
0.432998 0.109745
0.433998 0.109614
0.434998 0.109484
0.435998 0.109357
0.436998 0.109232
0.437998 0.10911
0.438998 0.108989
0.439998 0.10887
0.440998 0.108754
0.441998 0.108639
0.442998 0.108527
0.443998 0.108417
0.444998 0.108308
0.445998 0.108202
0.446998 0.108098
0.447998 0.107996
0.448998 0.107896
0.449998 0.107798
0.450998 0.107702
0.451998 0.107608
0.452998 0.107516
0.453998 0.107426
0.454998 0.107338
0.455998 0.107252
0.456998 0.107168
0.457998 0.107086
0.458998 0.107006
0.459998 0.106928
0.460998 0.106852
0.461998 0.106778
0.462998 0.106706
0.463998 0.106636
0.464998 0.106568
0.465998 0.106502
0.466998 0.106437
0.467998 0.106375
0.468998 0.106315
0.469997 0.106257
0.470997 0.1062
0.471997 0.106146
0.472997 0.106093
0.473997 0.106043
0.474997 0.105994
0.475997 0.105947
0.476997 0.105902
0.477997 0.105859
0.478997 0.105818
0.479997 0.105779
0.480997 0.105742
0.481997 0.105707
0.482997 0.105674
0.483997 0.105642
0.484997 0.105613
0.485997 0.105585
0.486997 0.10556
0.487997 0.105536
0.488997 0.105514
0.489997 0.105494
0.490997 0.105476
0.491997 0.10546
0.492997 0.105446
0.493997 0.105433
0.494997 0.105423
0.495997 0.105414
0.496997 0.105408
0.497997 0.105403
0.498997 0.1054
0.499997 0.105399
0.500997 0.1054
0.501997 0.105403
0.502997 0.105408
0.503997 0.105414
0.504997 0.105423
0.505997 0.105433
0.506997 0.105446
0.507997 0.10546
0.508997 0.105476
0.509997 0.105494
0.510997 0.105514
0.511997 0.105536
0.512997 0.10556
0.513997 0.105585
0.514997 0.105613
0.515997 0.105642
0.516997 0.105674
0.517997 0.105707
0.518997 0.105742
0.519997 0.105779
0.520997 0.105818
0.521997 0.105859
0.522997 0.105902
0.523997 0.105947
0.524997 0.105994
0.525997 0.106042
0.526997 0.106093
0.527997 0.106145
0.528997 0.1062
0.529997 0.106256
0.530997 0.106315
0.531997 0.106375
0.532997 0.106437
0.533997 0.106501
0.534997 0.106567
0.535997 0.106636
0.536997 0.106706
0.537997 0.106778
0.538997 0.106852
0.539997 0.106928
0.540997 0.107006
0.541997 0.107086
0.542997 0.107168
0.543997 0.107252
0.544997 0.107337
0.545997 0.107425
0.546997 0.107515
0.547997 0.107607
0.548997 0.107701
0.549996 0.107797
0.550996 0.107895
0.551996 0.107995
0.552996 0.108097
0.553996 0.108202
0.554996 0.108308
0.555996 0.108416
0.556996 0.108526
0.557996 0.108639
0.558996 0.108753
0.559996 0.10887
0.560996 0.108988
0.561996 0.109109
0.562996 0.109232
0.563996 0.109357
0.564996 0.109484
0.565996 0.109613
0.566996 0.109744
0.567996 0.109878
0.568996 0.110013
0.569996 0.110151
0.570996 0.110291
0.571996 0.110433
0.572996 0.110577
0.573996 0.110723
0.574996 0.110872
0.575996 0.111023
0.576996 0.111176
0.577996 0.111331
0.578996 0.111488
0.579996 0.111648
0.580996 0.11181
0.581996 0.111974
0.582996 0.11214
0.583996 0.112309
0.584996 0.11248
0.585996 0.112653
0.586996 0.112829
0.587996 0.113006
0.588996 0.113187
0.589996 0.113369
0.590996 0.113554
0.591996 0.113741
0.592996 0.113931
0.593996 0.114123
0.594996 0.114317
0.595996 0.114513
0.596996 0.114713
0.597996 0.114914
0.598996 0.115118
0.599996 0.115324
0.600996 0.115533
0.601996 0.115744
0.602996 0.115958
0.603996 0.116174
0.604996 0.116393
0.605996 0.116614
0.606996 0.116838
0.607996 0.117064
0.608996 0.117293
0.609996 0.117524
0.610996 0.117758
0.611996 0.117995
0.612996 0.118234
0.613996 0.118476
0.614996 0.11872
0.615996 0.118967
0.616996 0.119217
0.617996 0.11947
0.618996 0.119725
0.619996 0.119982
0.620996 0.120243
0.621996 0.120506
0.622996 0.120772
0.623996 0.121041
0.624996 0.121313
0.625996 0.121587
0.626996 0.121864
0.627995 0.122144
0.628995 0.122427
0.629995 0.122713
0.630995 0.123001
0.631995 0.123293
0.632995 0.123587
0.633995 0.123884
0.634995 0.124185
0.635995 0.124488
0.636995 0.124794
0.637995 0.125103
0.638995 0.125416
0.639995 0.125731
0.640995 0.126049
0.641995 0.126371
0.642995 0.126695
0.643995 0.127023
0.644995 0.127354
0.645995 0.127688
0.646995 0.128025
0.647995 0.128365
0.648995 0.128709
0.649995 0.129055
0.650995 0.129406
0.651995 0.129759
0.652995 0.130116
0.653995 0.130476
0.654995 0.130839
0.655995 0.131206
0.656995 0.131576
0.657995 0.131949
0.658995 0.132326
0.659995 0.132707
0.660995 0.133091
0.661995 0.133478
0.662995 0.133869
0.663995 0.134264
0.664995 0.134662
0.665995 0.135063
0.666995 0.135469
0.667995 0.135878
0.668995 0.136291
0.669995 0.136707
0.670995 0.137127
0.671995 0.137551
0.672995 0.137979
0.673995 0.13841
0.674995 0.138846
0.675995 0.139285
0.676995 0.139728
0.677995 0.140175
0.678995 0.140627
0.679995 0.141082
0.680995 0.141541
0.681995 0.142004
0.682995 0.142471
0.683995 0.142942
0.684995 0.143418
0.685995 0.143898
0.686995 0.144381
0.687995 0.14487
0.688995 0.145362
0.689995 0.145859
0.690995 0.14636
0.691995 0.146865
0.692995 0.147375
0.693995 0.147889
0.694995 0.148407
0.695995 0.148931
0.696995 0.149458
0.697995 0.149991
0.698995 0.150527
0.699995 0.151069
0.700995 0.151615
0.701995 0.152166
0.702995 0.152722
0.703995 0.153282
0.704994 0.153847
0.705994 0.154417
0.706994 0.154992
0.707994 0.155572
0.708994 0.156157
0.709994 0.156747
0.710994 0.157342
0.711994 0.157942
0.712994 0.158548
0.713994 0.159158
0.714994 0.159774
0.715994 0.160395
0.716994 0.161021
0.717994 0.161653
0.718994 0.16229
0.719994 0.162932
0.720994 0.16358
0.721994 0.164233
0.722994 0.164892
0.723994 0.165557
0.724994 0.166227
0.725994 0.166903
0.726994 0.167585
0.727994 0.168273
0.728994 0.168966
0.729994 0.169666
0.730994 0.170371
0.731994 0.171083
0.732994 0.1718
0.733994 0.172524
0.734994 0.173253
0.735994 0.173989
0.736994 0.174732
0.737994 0.17548
0.738994 0.176235
0.739994 0.176996
0.740994 0.177764
0.741994 0.178539
0.742994 0.17932
0.743994 0.180107
0.744994 0.180902
0.745994 0.181703
0.746994 0.182511
0.747994 0.183326
0.748994 0.184148
0.749994 0.184976
0.750994 0.185812
0.751994 0.186655
0.752994 0.187506
0.753994 0.188363
0.754994 0.189228
0.755994 0.1901
0.756994 0.19098
0.757994 0.191867
0.758994 0.192762
0.759994 0.193664
0.760994 0.194574
0.761994 0.195492
0.762994 0.196418
0.763994 0.197352
0.764994 0.198294
0.765994 0.199244
0.766994 0.200202
0.767994 0.201168
0.768994 0.202143
0.769994 0.203126
0.770994 0.204117
0.771994 0.205117
0.772994 0.206125
0.773994 0.207143
0.774994 0.208169
0.775994 0.209203
0.776994 0.210247
0.777994 0.2113
0.778994 0.212362
0.779994 0.213433
0.780994 0.214513
0.781994 0.215603
0.782993 0.216702
0.783993 0.217811
0.784993 0.218929
0.785993 0.220057
0.786993 0.221194
0.787993 0.222342
0.788993 0.2235
0.789993 0.224667
0.790993 0.225845
0.791993 0.227033
0.792993 0.228232
0.793993 0.229441
0.794993 0.23066
0.795993 0.23189
0.796993 0.233131
0.797993 0.234383
0.798993 0.235645
0.799993 0.236919
0.800993 0.238204
0.801993 0.2395
0.802993 0.240808
0.803993 0.242127
0.804993 0.243458
0.805993 0.2448
0.806993 0.246154
0.807993 0.247521
0.808993 0.248899
0.809993 0.250289
0.810993 0.251692
0.811993 0.253107
0.812993 0.254535
0.813993 0.255975
0.814993 0.257428
0.815993 0.258894
0.816993 0.260373
0.817993 0.261866
0.818993 0.263371
0.819993 0.26489
0.820993 0.266423
0.821993 0.267969
0.822993 0.269529
0.823993 0.271103
0.824993 0.272691
0.825993 0.274293
0.826993 0.27591
0.827993 0.277541
0.828993 0.279187
0.829993 0.280848
0.830993 0.282524
0.831993 0.284214
0.832993 0.28592
0.833993 0.287642
0.834993 0.289379
0.835993 0.291132
0.836993 0.2929
0.837993 0.294685
0.838993 0.296486
0.839993 0.298303
0.840993 0.300137
0.841993 0.301988
0.842993 0.303855
0.843993 0.30574
0.844993 0.307641
0.845993 0.309561
0.846993 0.311497
0.847993 0.313452
0.848993 0.315424
0.849993 0.317415
0.850993 0.319423
0.851993 0.321451
0.852993 0.323497
0.853993 0.325562
0.854993 0.327646
0.855993 0.329749
0.856993 0.331872
0.857993 0.334014
0.858993 0.336176
0.859993 0.338359
0.860992 0.340561
0.861992 0.342785
0.862992 0.345029
0.863992 0.347293
0.864992 0.349579
0.865992 0.351887
0.866992 0.354216
0.867992 0.356567
0.868992 0.358939
0.869992 0.361335
0.870992 0.363752
0.871992 0.366193
0.872992 0.368656
0.873992 0.371143
0.874992 0.373653
0.875992 0.376187
0.876992 0.378745
0.877992 0.381328
0.878992 0.383934
0.879992 0.386566
0.880992 0.389222
0.881992 0.391904
0.882992 0.394612
0.883992 0.397345
0.884992 0.400105
0.885992 0.402891
0.886992 0.405703
0.887992 0.408543
0.888992 0.41141
0.889992 0.414304
0.890992 0.417226
0.891992 0.420177
0.892992 0.423156
0.893992 0.426163
0.894992 0.4292
0.895992 0.432267
0.896992 0.435363
0.897992 0.438489
0.898992 0.441645
0.899992 0.444832
0.900992 0.448051
0.901992 0.4513
0.902992 0.454582
0.903992 0.457895
0.904992 0.461241
0.905992 0.46462
0.906992 0.468032
0.907992 0.471478
0.908992 0.474957
0.909992 0.478471
0.910992 0.482019
0.911992 0.485603
0.912992 0.489222
0.913992 0.492876
0.914992 0.496567
0.915992 0.500295
0.916992 0.50406
0.917992 0.507862
0.918992 0.511702
0.919992 0.51558
0.920992 0.519497
0.921992 0.523454
0.922992 0.527449
0.923992 0.531485
0.924992 0.535562
0.925992 0.539679
0.926992 0.543838
0.927992 0.548039
0.928992 0.552282
0.929992 0.556569
0.930992 0.560898
0.931992 0.565271
0.932992 0.569689
0.933992 0.574151
0.934992 0.578659
0.935992 0.583213
0.936992 0.587813
0.937991 0.592461
0.938991 0.597155
0.939991 0.601898
0.940991 0.606689
0.941991 0.61153
0.942991 0.61642
0.943991 0.62136
0.944991 0.626351
0.945991 0.631394
0.946991 0.636489
0.947991 0.641636
0.948991 0.646837
0.949991 0.652092
0.950991 0.657401
0.951991 0.662765
0.952991 0.668185
0.953991 0.673662
0.954991 0.679195
0.955991 0.684787
0.956991 0.690437
0.957991 0.696146
0.958991 0.701915
0.959991 0.707744
0.960991 0.713635
0.961991 0.719587
0.962991 0.725603
0.963991 0.731682
0.964991 0.737825
0.965991 0.744033
0.966991 0.750306
0.967991 0.756647
0.968991 0.763054
0.969991 0.76953
0.970991 0.776075
0.971991 0.782689
0.972991 0.789374
0.973991 0.79613
0.974991 0.802959
0.975991 0.809861
0.976991 0.816837
0.977991 0.823887
0.978991 0.831014
0.979991 0.838217
0.980991 0.845498
0.981991 0.852858
0.982991 0.860297
0.983991 0.867816
0.984991 0.875417
0.985991 0.883101
0.986991 0.890868
0.987991 0.898719
0.988991 0.906657
0.989991 0.91468
0.990991 0.922791
0.991991 0.930991
0.992991 0.939281
0.993991 0.947661
0.994991 0.956134
0.995991 0.9647
0.996991 0.973359
0.997991 0.982115
0.998991 0.990967
0.999991 0.999916
